2	41.8	-13.87	16.68
4	27.98	-26.96	12.96
12	17.09	-57.99	12.14
16	15.68	-49.38	10.73
35	0.28	-0.14	0.12
55	35.07	-22.69	15.02
64	-29.63	-145.36	3.58
66	-28.77	-139.5	3.3
68	5.54	-72.19	9.12
70	41.86	-44.5	19.58
76	48.88	-37.95	21.47
80	40.32	-78.34	22.28
92	28.11	-38.88	13.96
94	36.32	11.03	12.07
96	66.78	-120.32	35.95
102	37.63	-23.43	15.9
114	-30.06	-142.5	2.75
115	43.12	-128.72	27.79
120	30.04	-28.48	13.58
123	15.83	-106.41	15.89
124	25.6	-51.92	14.21
128	94.25	-64.65	40.22
143	-0.59	4.29	-0.61
145	-6.64	-93.15	6.36
146	37.09	-43.49	17.45
155	41.92	-59.16	20.65
165	52.91	-43.71	23.07
171	21.46	5.11	7.25
176	19.6	-56.26	12.18
179	26.06	-42.47	13.23
182	-37.32	-108.33	-3.59
186	47.8	-53.39	22
196	-28.66	-143.95	2.65
201	36.28	-71.11	19.4
205	24.1	-62.78	14.23
212	64.93	-80.54	30.41
216	32.88	-66.04	17.6
218	4.19	-5.16	1.96
222	45.99	-44.83	20.42
224	-42.71	-92.77	-7.12
226	57.03	-93.22	28.62
247	91.27	-133.44	44.18
250	47.4	-45.26	20.88
257	56.48	-44.3	24
258	49.34	-96.11	25.91
259	36.48	-44.84	16.9
262	-27.87	-82.75	-2.83
265	-44.02	-92.95	-7.73
279	12.94	-13.49	5.77
280	-44.58	-91.71	-8.08
282	22.39	-104.61	16.89
291	-44.35	-91.94	-8.05
292	-49.17	-104.47	-8.71
293	10.58	-67.72	9.48
296	40.58	-60.86	19.58
298	27.94	-27.25	12.24
301	22.25	-40	11.25
303	35.89	-25.17	14.87
305	12.87	-23.46	6.53
309	35.17	-22.71	14.38
312	9.43	-32.66	5.97
322	-8.29	-76.21	3.32
329	24.32	-61.87	13.7
331	-48.92	-88.95	-10.1
337	-49.03	-72.46	-11.5
345	37.27	-42.35	16.64
354	27.89	-48.56	13.79
362	-43.12	-92.99	-7.81
366	28.42	-49.77	14.04
367	8.65	-69.48	8.6
374	-43.7	-93.38	-8.07
382	-43.37	-93.93	-7.91
383	-41.83	-93.22	-7.43
388	-0.3	-4.38	0.24
393	84.84	-17.37	31.33
399	-47.38	-88.59	-9.8
415	52.57	-42.86	21.87
424	8.8	-52.46	7.14
426	45.26	-44.12	19.37
431	42.68	-41.66	18.25
448	-9.47	-86.47	3.28
449	-43.91	-87.68	-8.76
451	28.77	-37.56	13.01
456	-43.64	-93.14	-8.27
461	48.35	-9.06	17.7
462	1.49	-77.33	6.39
465	57.16	-91.8	27.06
468	-48.18	-94.08	-9.83
484	-47.8	-89.49	-10.11
485	19.1	-53.97	10.74
507	52.07	-44.47	21.56
511	22.96	-42.87	11.22
514	-43.88	-91.99	-8.64
515	24.37	-39.48	11.43
517	48.64	-53.11	20.94
524	22.56	-42.41	11.02
526	-43.06	-92.98	-8.3
527	33.93	-15.24	13
548	29.62	-39.02	13.19
558	3.72	-97.24	8.28
559	29.18	-38.91	12.99
564	31.21	-25.15	12.71
567	53.19	-42.92	21.65
569	35.68	-23.86	14.17
591	0.07	-0.03	0.03
608	36.19	-23.74	14.21
613	31.85	-49.33	14.42
616	55.77	-93.08	25.64
617	61.72	-50.99	24.9
619	31.8	-25.78	12.8
621	0.07	0.39	0
627	-1.14	-12.03	0.41
634	-10.29	-64.15	0.65
635	18.89	-84.2	12.09
638	69.19	-27.49	25.8
641	-43.29	-93.05	-8.92
642	34.25	-18.73	13.09
644	30.02	-27.11	12.15
650	36.42	-23.53	14.14
654	28.85	-25.05	11.57
657	56.39	-84.38	24.88
658	34.31	-50.66	15.09
659	-9.29	-64.53	0.9
676	43.65	-14.36	15.95
680	48.37	-15.15	17.61
690	59.27	-47.4	23.28
693	122.69	-101.94	48.38
695	-10.46	-13.34	-2.79
698	30.64	-26.27	12.13
705	49.3	-36.47	19.14
709	58.25	-46.02	22.77
718	16.63	-56.12	8.97
725	-20.5	-53.77	-3.9
727	62.01	-87.23	26.36
731	59.18	-45.3	22.92
732	30.8	-26.48	12.1
742	56.74	-43.42	21.94
743	22.39	-73.44	11.87
753	-48.08	-80.79	-11.86
759	36.14	-23.72	13.73
767	36.18	-23.4	13.7
772	71.3	-61.86	27.83
789	-11.36	-74.52	0.2
791	59.07	-45.3	22.63
798	27.43	-48	11.95
801	-48.49	-81.1	-12.16
810	52.99	-42.09	20.27
816	58.47	-45.51	22.28
817	-6.97	-74.1	1.5
830	30.56	-25.69	11.7
832	74.33	-65.72	28.58
833	33.65	-47.31	13.82
835	52.73	-41.92	20.02
836	19.62	-45.99	9
843	-4.49	-100.73	3.55
847	50.15	-48.77	19.46
848	48.61	-37.59	18.38
858	44.72	-102.38	20.15
859	38.26	-69.15	16.31
865	38.42	-37.73	14.8
866	54.7	-42.03	20.5
869	35.56	-22.94	13.1
874	39.84	-20.03	14.39
880	35.12	-107.99	16.92
892	-31.53	-145.2	-3.98
897	29.49	-33.98	11.47
902	15.94	-47.18	7.47
906	44.84	-13.51	15.67
908	50.84	-37.04	18.72
912	32.21	-26.44	11.95
916	34.49	-98.6	15.91
924	7.74	-10.49	3.05
930	0.04	-1.61	0.08
937	27.47	-45.82	11.13
944	23.53	-77.51	11.11
948	8.93	-18.4	3.76
963	13.77	-32.5	5.93
976	26.24	-42.28	10.48
978	32.7	-36.16	12.38
982	-24.52	-36.34	-6.74
983	14.48	-48.64	6.77
997	103.5	-121.68	39.2
1011	14.28	-47.2	6.56
1014	0.28	1.14	0.05
1022	22.11	-69.8	9.98
1024	-48.54	-80.79	-13.12
1034	0.03	-0.56	0.03
1037	32.35	-37.34	12.12
1038	0.29	2.36	0.01
1047	-9.77	-70.87	-0.71
1051	23.81	-28.71	8.91
1056	30.37	-39.34	11.44
1089	35.14	-25.77	12.45
1106	18.21	-30.58	6.97
1107	4.48	-6.16	1.67
1109	11.41	-33.64	4.8
1115	15.7	-60.75	7.01
1123	41.51	-18.11	14.21
1130	2.65	-28.6	1.72
1137	36.23	-98.15	14.84
1139	26.4	-44.89	9.98
1149	20.41	-65.61	8.56
1152	18.52	-52.57	7.54
1154	35.08	-25.41	12.22
1158	41.17	-36.51	14.5
1160	4.52	-6.42	1.66
1170	39.29	-34.97	13.78
1172	-46.16	-71.96	-13.22
1173	-10.7	-71.66	-1.64
1175	35.8	-39.74	12.72
1176	-14.08	-65.45	-2.91
1196	31.77	-34.98	11.23
1198	45.36	-13.59	15.14
1201	19.78	-61.28	7.92
1211	11.65	-71.91	5.49
1223	17.33	-61.23	7.03
1226	44.17	-13.86	14.69
1228	20.42	-53.72	7.85
1231	29.33	-27.09	10.13
1236	2.5	-72.51	2.39
1237	65.03	-78.83	22.82
1238	33.17	-35.36	11.56
1241	0.78	-94.78	2.29
1248	15.54	-64.97	6.38
1258	32.24	-37.55	11.21
1264	43.97	-14.48	14.53
1265	28.71	-38.16	10.08
1273	31.92	-35.24	10.99
1276	39.11	-35.69	13.32
1285	27.18	-41.81	9.58
1286	50.11	-52.21	17.13
1288	10.26	-31.71	3.88
1291	39.21	-106.94	14.56
1292	4.41	-6.36	1.54
1293	44.39	-55	15.34
1294	32.95	-35.07	11.28
1295	-40.81	-76.21	-11.84
1301	27.62	-44.88	9.65
1305	-4.51	0.44	-1.46
1315	44.14	-14.35	14.43
1325	2.25	-73.27	1.82
1332	80.12	-134.57	27.7
1339	37.19	-36.67	12.48
1340	38.59	-36.68	12.88
1346	58.65	-95.4	20.14
1347	83.92	-69.31	27.85
1351	36.84	-35.26	12.27
1361	50.77	-37.08	16.73
1362	38.27	-35.7	12.71
1371	38.16	-36.42	12.66
1372	31.68	-36.16	10.6
1375	37.97	-36.14	12.59
1381	48.31	-92.14	16.51
1382	37.39	-35.59	12.38
1384	44.17	-41.91	14.61
1387	52.08	-38.3	17.11
1404	15.23	-56.75	5.44
1407	38.34	-37.11	12.6
1413	29.75	-27.09	9.74
1414	44.4	-12.91	14.28
1419	13.57	-37.27	4.66
1422	36.65	-37.24	11.99
1426	27.89	-40.61	9.24
1439	50.56	-37.35	16.37
1451	15.58	-54.2	5.35
1460	69	-50.13	22.22
1461	36.26	-60.56	11.88
1462	87.48	-78.39	28.24
1470	10.88	-60.09	3.81
1472	86.39	-74.53	27.81
1474	3.71	-70.15	1.57
1478	30.82	-36.43	9.98
1481	-49.97	-85.5	-15.37
1511	30.44	-37.97	9.68
1516	48.99	-37.71	15.5
1520	38.89	-34.59	12.3
1524	51.94	-44.02	16.4
1526	12.72	-67.61	3.99
1534	13.87	-36.83	4.33
1542	13.22	-68.4	4.07
1544	34.44	-25.57	10.77
1546	36.91	-23.56	11.54
1547	24.69	-73.5	7.62
1552	33.82	-24.85	10.55
1553	34.66	-34.46	10.8
1564	12.57	-68.38	3.65
1572	51.48	-35.36	15.99
1577	41.76	-70.22	12.8
1582	43.4	-72.33	13.21
1583	29.11	-38.6	8.94
1588	-20.56	-74.4	-6.75
1592	43.26	-15.32	13.41
1594	30.85	-26.89	9.49
1606	16.76	-56.73	4.9
1609	18.68	-45.65	5.53
1621	65.78	-82.66	19.88
1634	12.45	-33.92	3.59
1641	0.31	1.12	0.11
1651	-2.11	-15.48	-0.81
1654	47.8	-32.31	14.44
1656	14.29	-35.15	4.04
1658	45.31	-12.32	13.86
1660	14.73	-35.01	4.17
1665	10.28	-14.22	3.01
1693	14.78	-34.62	4.09
1713	15.19	-35.04	4.16
1714	4.81	-9.05	1.35
1715	14.72	-34.92	4.01
1723	18.23	-35.71	5.05
1726	19.36	-64.21	4.95
1736	47.5	-33.15	14
1737	18.51	-35.16	5.1
1738	-34.42	-84.61	-11.91
1743	70.29	-55.65	20.58
1748	17.75	-34.71	4.85
1750	4.83	-8.53	1.33
1751	21.79	-69.04	5.48
1754	36.16	-22.95	10.64
1755	15.34	-71.34	3.41
1758	46.03	-31.68	13.5
1760	19.01	-36.48	5.16
1762	13.58	-56.79	3.13
1771	14.51	-10.84	4.22
1773	16.71	-55.84	4.01
1774	20.82	-13.78	6.09
1777	-0.76	0.31	-0.23
1797	48.24	-32.88	13.97
1802	28.1	-38.63	7.67
1806	30.56	-153.6	5.99
1813	-1.45	-11.51	-0.69
1814	16	-34.12	4.11
1816	-12.93	-27.91	-4.54
1817	36.76	-35.75	10.35
1828	47.96	-32.65	13.77
1833	-2.01	-69.98	-2.22
1841	7.7	-30.74	1.59
1844	22.49	-44.54	5.72
1845	-22.55	-85.91	-8.89
1851	-1.63	-13.04	-0.82
1858	-27.38	-91.72	-10.58
1861	47.02	-20.26	13.66
1879	-4.07	-69.37	-3.06
1886	22.76	-70.62	4.91
1897	28.21	-99.99	5.75
1903	58.88	-105.38	14.71
1905	22.3	-49.08	5.3
1908	17.06	-54.87	3.56
1909	8.22	-31.24	1.58
1910	-12.72	-68.27	-5.76
1911	4.26	-76.91	-0.92
1913	33.79	-25.11	9.41
1921	21.67	-33.28	5.53
1924	8.89	-14.88	2.23
1926	6.9	-67.14	0.09
1927	21.09	-32.46	5.36
1932	8.13	-30.9	1.51
1933	68.51	-84.29	17.98
1942	-0.98	-72.02	-2.51
1957	48.64	-32.65	13.44
1958	46.77	-31.7	12.91
1961	-19.23	-72.39	-8.09
1970	9.36	-18.04	2.18
1971	31.45	-28.47	8.39
1977	0.16	-26.3	-0.86
1979	8.98	-35.9	1.43
1982	46.27	-32.13	12.63
1986	26.8	-36.41	6.68
1987	45.76	-31.89	12.45
2001	12.42	-56.89	1.61
2003	26.92	-42.02	6.42
2004	-5.52	1.66	-1.57
2007	16.12	-34.32	3.51
2011	-76.78	-89.68	-25.96
2022	18.57	-35.54	4.13
2023	35.17	-31.78	9.17
2035	9.18	-32.7	1.4
2052	-0.38	-12.93	-0.64
2056	62.23	-104.4	13.98
2058	17.06	-74.68	1.94
2060	48.05	-23.19	13.15
2062	54.37	-72.22	12.97
2068	28.85	-53.04	6.23
2069	48.91	-74.6	11.24
2071	-0.82	-12.48	-0.77
2081	3.84	-12.57	0.58
2085	30.03	-22.66	7.81
2088	47.78	-23.11	12.98
2094	45.36	-30.01	11.96
2098	43.8	-15.68	12.1
2112	-13.09	-67.24	-6.83
2113	52.62	-37.71	13.67
2122	1.64	-35.3	-1.13
2131	21.5	-52.21	3.85
2133	16.43	-43.79	2.76
2134	27.53	-40.85	6.12
2136	35.63	-31.14	8.9
2138	3.01	-29.62	-0.5
2139	26.01	-38.76	5.76
2142	0.17	-12.58	-0.54
2143	11.81	-55.29	0.82
2147	49.09	-32.52	12.71
2148	38.84	-34.17	9.65
2151	12.36	-44.14	1.47
2154	36.27	-32	8.98
2159	63.1	-60.68	15.35
2160	15.52	-48	2.17
2163	22.47	-39.47	4.6
2166	14.64	-61.56	1.24
2169	37.35	-23.77	9.65
2180	54.57	-104.68	10.6
2194	60.83	-58.22	14.59
2196	45.14	-31.06	11.45
2199	-2.45	-68.54	-4.23
2202	31.55	-27.75	7.67
2207	18.28	-33.61	3.52
2215	-11.16	-31.05	-4.84
2224	31.33	-152.11	0.64
2228	1.69	-27.35	-0.96
2231	39.81	-29.12	9.89
2232	3.8	-35.59	-0.81
2241	2.21	-35.18	-1.28
2242	65.19	-94.75	13.57
2253	7.95	-55.72	-0.79
2254	24.22	-43.39	4.55
2260	24.4	-41.81	4.65
2261	37.13	-23.76	9.31
2266	40.31	-69.7	7.65
2268	27.19	-40.84	5.5
2272	-36.06	-71.92	-14.37
2279	22.29	-42.02	3.98
2280	20.27	-103.92	-0.17
2287	40.1	-28.94	9.78
2288	31.9	-38.11	6.91
2294	40.21	-28.85	9.8
2302	40.54	-28.38	9.91
2309	40.14	-28.98	9.74
2312	33.93	-37.34	7.47
2314	47.27	-20.26	12.26
2316	52.23	-43.1	12.31
2324	60.24	-95.7	11.41
2329	-5.84	1.75	-1.55
2332	16.5	-55.05	1.38
2342	25.22	-41.66	4.64
2344	60.61	-94.72	11.49
2358	-1.05	-65.51	-4.32
2366	22.98	-41.11	3.99
2370	23.95	-41.81	4.2
2372	59.25	-95.17	10.89
2380	7.07	-35.36	-0.2
2383	-9.68	-60.54	-6.52
2384	21.38	-38.25	3.66
2387	22.4	-41.79	3.73
2390	22.74	-33.6	4.32
2404	59.38	-94.85	10.7
2417	-38.22	-68.75	-15.25
2429	-4.02	1.74	-1.02
2430	59.17	-94.84	10.37
2431	59.98	-95.42	10.53
2436	11.94	4.21	3.63
2437	2.77	-12.87	-0.08
2438	1.23	-70.66	-4.36
2445	-9.25	-12.57	-3.44
2449	22.72	-42.32	3.5
2451	-38.29	-68.76	-15.39
2454	17.15	-79.03	-0.57
2458	35.42	-23.39	8.32
2468	31.46	-37.13	6.22
2479	32.01	-26.49	7.08
2482	9.97	-35.02	0.31
2483	52.75	-38.23	12
2490	-14.98	-54.61	-8.06
2492	2.01	-12.21	-0.31
2501	43.58	-146.14	1.65
2503	20.97	-47.37	2.45
2504	38.19	-24	8.91
2515	40.24	-148.74	0.5
2517	88.36	-47.62	21.1
2520	49.28	-30.46	11.47
2526	1.76	-12.31	-0.42
2527	22.26	-44.84	2.88
2537	39.78	-28.28	8.94
2544	-0.32	0.15	-0.08
2546	22.29	-41.47	3.06
2547	20.71	-46.21	2.27
2553	36.39	-25.69	8.14
2555	-5.49	2.47	-1.33
2557	-5.3	2.34	-1.29
2559	3.31	-64.35	-3.94
2564	27.31	-102.34	-0.35
2571	49.41	-30.37	11.34
2578	0.05	-0.66	-0.04
2593	46.57	-11.82	11.9
2597	16.44	-34.39	1.83
2598	18.38	-51.73	1
2599	37.14	-26.01	8.18
2601	20.07	-50.42	1.55
2611	2.44	-64.24	-4.44
2614	37.07	-23.35	8.31
2615	22.76	-45.71	2.59
2616	23.77	-60.01	1.71
2621	74.71	-60.02	15.62
2624	27.48	-103.82	-0.83
2627	37.77	-29.66	7.92
2631	51.28	-148.96	1.82
2649	28.95	-31.95	5.19
2659	67.52	-93.16	10.37
2660	16.38	-55.25	-0.26
2665	19.33	-79.09	-1.58
2667	0.24	-64.93	-5.57
2679	-4.09	-54.76	-5.93
2692	-18.22	-66.36	-10.83
2693	-37.21	-69.05	-16.2
2699	16.15	-16.3	2.89
2701	4.38	-101.7	-7.95
2704	47.31	-11.47	11.71
2712	37.98	-26.28	7.85
2717	48.91	-31.91	10.27
2726	92.68	-50.56	20.29
2734	-10.13	-66.11	-8.78
2739	35.76	-28.31	6.99
2742	35.7	-24.65	7.3
2743	37.9	-23.91	7.95
2744	5.16	-60.67	-4.23
2747	39.93	-27.49	8.13
2752	38.01	-28.43	7.54
2758	-0.14	1.36	0.09
2759	26.76	-62.17	1.37
2765	27.13	-40.9	3.42
2767	-32.07	-23.29	-10.76
2768	72.87	-86.4	11.36
2769	59.12	-67.71	9.36
2782	39.23	-25.69	8.03
2784	70.66	-85.33	10.74
2786	15.34	-51.94	-0.81
2789	-0.01	0.43	0.04
2800	15.4	-52.02	-0.88
2804	66.59	-85.84	9.52
2805	2.88	-9.76	-0.17
2806	29.6	-29.65	5.02
2812	11.21	-36.82	-0.55
2818	27.47	-40.75	3.36
2819	36.25	-27.49	6.98
2820	14.64	-33.98	0.6
2822	21.5	-47.23	1.13
2828	38.27	-30.23	7.2
2834	8.17	-14.18	0.77
2856	19.3	-80.93	-3
2865	37.88	-28.07	7.16
2881	-0.12	0.78	0.05
2883	14.49	-31.99	0.53
2889	22.48	-43.83	1.38
2897	-8.54	-93.71	-11.98
2899	39.91	-26.09	7.76
2902	0	0.04	0
2905	19.44	-38.1	1.12
2909	-14.78	-67.56	-10.93
2914	30.57	-28.37	5.04
2917	32.14	-151.54	-7.49
2922	28	-41.91	2.93
2928	35.42	-23.02	6.84
2932	-16.02	-64.71	-11.06
2933	-0.08	0.68	0.05
2934	69.59	-90.91	8.5
2936	18.72	-50.07	-0.46
2942	-17.82	-63.41	-11.45
2943	10.63	-52.53	-2.88
2948	-31.05	-67.11	-15.32
2949	15.48	-34.26	0.34
2959	14.5	-40.86	-0.65
2963	0.53	-51.87	-5.48
2964	37.32	-27.09	6.78
2970	14.72	-166.59	-14.25
2971	-31.43	-58.83	-14.56
2980	4.48	-12.74	-0.22
3020	37.4	-26.13	6.77
3023	72.37	-16.19	16.91
3024	24.74	-44.12	1.46
3027	51.19	-46.07	8.08
3031	7.97	-14.25	0.46
3062	4.12	-9.96	-0.08
3063	15.21	-167.12	-15.18
3072	33.17	-39.13	4.03
3076	74.22	-62.61	11.86
3081	36.59	-25.99	6.39
3085	-0.69	-0.67	-0.26
3089	-0.92	-13.5	-1.8
3105	15.38	-168.06	-15.7
3108	37.58	-26.84	6.48
3109	6.64	-12.77	0.21
3120	50.9	-46.6	7.52
3129	0.77	-103.26	-12.03
3133	33.88	-23.97	5.79
3137	22.59	-40.73	0.91
3138	15.1	-166.13	-15.93
3140	17.4	-53.87	-1.98
3144	-28.91	-48.69	-13.17
3147	22.19	-39.77	0.91
3153	-3.67	-108.18	-13.87
3156	42.09	-18.37	8.52
3157	28.73	-29.92	3.72
3159	0.19	-52.29	-6.23
3162	-21.14	-66.29	-13.35
3165	-5.2	-50.28	-7.38
3166	16.01	-50.48	-1.99
3168	-26.26	-74.27	-15.63
3174	49.58	-22.33	9.88
3181	15.9	-166.59	-16.14
3183	44.06	6.91	12.02
3184	52.75	-35.84	9.03
3190	-58.24	-82.82	-24.87
3194	53.73	-115.11	-0.42
3202	-70.04	-87.75	-28.5
3207	19.71	-48.81	-1.04
3210	6.09	-93.79	-10.03
3211	-27.92	-63.44	-14.88
3213	-32.12	-44.29	-13.6
3218	50.1	-26.46	9.37
3219	17.13	-15.85	2.36
3222	40.07	-26.18	6.85
3230	46.88	-16.98	9.7
3235	34.87	-24.63	5.73
3238	0.16	0.86	0.15
3239	46.86	-10.07	10.56
3243	48.85	-138.95	-5.08
3247	39.14	-26.1	6.59
3250	4.74	-13.47	-0.5
3252	8.49	-59.58	-5.34
3260	39.64	-25.71	6.74
3267	55.13	-115.14	-0.7
3268	74.8	-104.62	5.61
3272	54.24	-115.06	-0.93
3273	54.68	-115.01	-0.76
3274	39.17	-25.27	6.64
3285	52.02	-35.18	8.56
3289	52.99	-14.77	11.38
3296	24.08	-105.51	-7.5
3323	24.72	-107.4	-7.74
3325	60.15	-83.47	4.21
3332	39.6	-26.08	6.49
3335	13.22	-58.37	-4.3
3338	-26.92	-76.08	-16.62
3340	54.67	-114.86	-1.29
3342	53.56	-113.17	-1.4
3343	-32.43	-68.78	-17.05
3351	10.98	-5.06	2.07
3359	53.84	-112.4	-1.3
3363	45.66	-11.35	9.88
3365	53.46	-112.94	-1.49
3367	15.2	-32.83	-0.53
3397	62.31	-93.63	2.94
3400	54.42	-114.53	-1.75
3401	-22.97	-71.54	-15.23
3404	66.01	-93.31	3.93
3409	94.2	-108.52	8.82
3417	55.29	-113.57	-1.6
3420	34.21	-29.04	4.55
3435	18.54	-46.35	-1.72
3436	-25.7	-65.95	-15.3
3440	33.59	-38.43	3.04
3444	53.44	-113.13	-2.17
3446	41.99	-25.29	6.9
3454	18.55	-46.58	-1.79
3455	38.75	-26.13	5.97
3456	39.92	-25.81	6.3
3462	18.57	-46.64	-1.83
3466	39.03	-25.97	6.02
3467	18.56	-46.47	-1.83
3468	20.57	-48.28	-1.57
3472	19.28	-51.19	-2.33
3481	10.59	-50.62	-4.43
3482	108.21	-82.63	15.04
3484	-15.55	-97.89	-17.41
3493	75.85	-65	9.52
3503	45.76	-16.21	8.93
3508	70.45	-87.07	4.98
3513	73.48	-90.09	5.25
3514	-11.42	-87.06	-15.04
3517	19.01	-103.35	-9.96
3519	29.18	-152.93	-14.42
3526	2.53	-16.73	-1.75
3528	23.51	-6.96	4.74
3543	1.96	-16.39	-1.86
3544	8.94	-55.72	-5.78
3550	105.35	-79.74	14.19
3553	19.09	-46.94	-2.09
3554	-4.7	-31.43	-5.65
3559	17.88	-9.83	2.92
3560	18.53	-61.4	-4.35
3561	73.71	-90.17	4.91
3563	34.16	-38.56	2.72
3567	-14.5	-64.75	-12.88
3569	77.16	-88.91	5.81
3572	4.42	-12.51	-0.74
3577	35.22	-149.3	-13.2
3584	13.84	-47.95	-3.65
3586	9.03	-58.47	-6.36
3591	64.46	-35.78	10.32
3603	23.18	-6.85	4.57
3606	38.75	-25.57	5.55
3610	19.81	-53.83	-3.19
3611	39.19	-25.98	5.58
3631	18.66	-50.41	-3.02
3635	22.22	-6.69	4.33
3636	72.69	-87.18	4.38
3639	36.56	-35.78	3.44
3643	33.61	-45.89	1.18
3645	32.37	-78.45	-4.01
3662	12.7	-40.57	-3.09
3664	40.03	-25.68	5.69
3667	10.58	-15.56	0.17
3668	68.56	-88	3.06
3672	-42.63	-67.64	-20.45
3681	10.98	-52.33	-5.36
3688	20.07	-34.95	-0.55
3697	111.1	-83.94	13.46
3700	40.86	-25.25	5.8
3701	19.39	-46.03	-2.5
3713	36.91	-28.2	4.37
3714	15.94	-34.08	-1.52
3717	94.05	-54.11	13.83
3735	19.25	-50.7	-3.41
3738	23.76	-49.69	-2.19
3743	-13.22	-16.78	-5.76
3754	19.15	-51.88	-3.7
3758	14.1	-120.92	-15.86
3760	-17.62	-64.93	-14.45
3764	77.03	-90.12	3.79
3773	40.43	-25.12	5.49
3779	76.59	-117.02	-0.77
3781	21.76	-43.53	-1.88
3784	39.87	-35.57	3.6
3787	40.3	-26.02	5.24
3792	-5.18	4.64	-0.46
3801	38.2	-134.88	-12.92
3805	64.1	-138.26	-7.34
3812	-28.78	-66.57	-17.52
3821	36.14	-36.04	2.55
3822	-11.94	-93.97	-18.1
3824	70.41	21.23	19.89
3828	-28.11	-64.01	-17.02
3832	22.15	-48.27	-2.78
3833	21.73	-43.9	-2.18
3834	-6.11	-35.58	-7.27
3844	-2.71	4.86	0.17
3847	-27.21	-82.66	-20.01
3851	31.82	-78.8	-5.73
3853	2.79	-7.22	-0.55
3855	7.52	-19.51	-1.51
3863	-21.76	-81.1	-18.57
3865	37.8	-130.38	-13.05
3866	41.21	-26.05	5.17
3881	40.5	-24.87	5.15
3888	-21.53	-61.78	-15.36
3889	77.12	-87.63	2.97
3892	-47.1	-125.6	-32.07
3899	39.63	-24.33	4.98
3903	49.87	-31.8	6.01
3909	-27.52	-81.68	-20.26
3911	20.83	-105.4	-13.25
3912	68.27	-126.29	-5.89
3914	77.02	-87.85	2.54
3924	41.72	-24.29	5.38
3936	87.24	-71.79	7.53
3942	45.06	-16.3	7.44
3945	-11.45	-61.51	-13.3
3946	41.81	-25.72	5.05
3947	23.53	-108.43	-13.5
3948	-38.84	-28.77	-13.85
3950	40.19	-24.64	4.85
3953	40.97	-25.16	4.93
3957	-18.87	-73.33	-17.1
3958	-15.65	-62.99	-14.56
3966	40.82	-24.89	4.91
3969	40.72	-24.87	4.89
3971	-5.55	-36.03	-7.58
3974	-1.15	1.21	-0.05
3980	-9.37	-10.18	-3.91
3981	40.13	-24.58	4.79
3982	41.53	-25.42	4.95
3983	39.56	-24.33	4.7
3984	41.41	-25.43	4.91
3985	-19.47	-62.73	-15.45
3989	41.29	-25.32	4.9
3990	50.14	-23.02	7.3
3992	120.56	-74.68	14.15
3993	-9.41	-95.62	-19
4000	61.48	-109.32	-5.42
4005	41.24	-25.32	4.83
4013	1.5	-2.79	-0.15
4016	41.02	-24.24	4.95
4017	47.96	-83.82	-4.07
4020	41.44	-24.34	5
4021	40.74	-24.86	4.73
4026	61.58	-109.1	-5.67
4029	34.59	-31.54	2.14
4031	-65	-95.48	-31.72
4033	61.78	-109.38	-5.65
4042	41.46	-24.64	4.9
4047	5.95	-76.03	-12.33
4048	37.92	-92.74	-8.16
4049	41.29	-24.52	4.87
4051	41.76	-24.83	4.9
4052	62.3	-16.42	11.04
4056	62.99	-80.67	-0.39
4059	24.13	-44.1	-2.56
4060	61.81	-108.99	-5.82
4063	7.92	-14.32	-0.81
4067	103.41	-60.62	12.2
4082	25	-118.45	-15.89
4085	-20.35	-63.12	-16.01
4090	41.27	-25.08	4.68
4098	-26.39	-84.35	-21.26
4101	-9.92	-61.11	-13.36
4104	-20.15	-62.77	-15.95
4110	40.89	-25.18	4.51
4112	40.46	-25.08	4.44
4116	73.28	-83.66	0.97
4121	61.79	-109.02	-6.21
4126	-2.93	1.57	-0.36
4131	-22.16	-61.4	-16.24
4132	-8.35	-61.66	-13.22
4136	26.34	-47.17	-2.82
4142	25.1	-29.65	0.08
4143	6.56	-13.91	-1.11
4148	35.02	-32.17	1.78
4149	-20.26	-62.58	-16.12
4151	15.28	-31.64	-2.5
4161	-7.82	-60.43	-13
4168	43.88	-16.76	6.57
4173	-4.29	-32.12	-6.97
4176	53.96	-35.67	5.22
4180	-2.5	-52.36	-10.39
4181	-20.18	-61.84	-16.08
4184	42.77	-16.17	6.39
4187	-29.12	-63.31	-18.35
4192	22.2	-48.95	-4.35
4200	18.7	-84.73	-11.9
4206	41.53	-24.65	4.47
4210	42.62	-24.79	4.69
4220	37.27	-146.35	-19.64
4222	20.12	-50.05	-5.08
4224	41.14	-24.29	4.41
4226	60.05	-83.28	-2.68
4230	73.96	-81.76	0.63
4248	-23.34	-38.6	-12.49
4249	17.5	-47.44	-5.23
4271	-20.06	-62.07	-16.31
4272	20.42	-118.46	-18.24
4274	-5.52	-31.53	-7.27
4278	75.82	-63.87	4.27
4286	39.82	-21.59	4.51
4298	-23.51	-44.07	-13.66
4301	41.46	-25.96	4
4315	26.45	-32.21	-0.54
4320	41.29	-25.29	4.03
4321	40.02	-24.62	3.89
4334	-26.43	-63.94	-18.24
4338	42.11	-24.58	4.31
4347	23	-49.47	-4.74
4354	-20.52	-63.11	-16.86
4363	22.61	-43.66	-3.75
4365	-2.71	-52.4	-10.95
4367	3.99	-7.32	-0.59
4368	24.39	-47.18	-4.1
4370	80.91	-88.1	-0.04
4376	23.09	-44.5	-3.85
4377	23.01	-142.55	-23.37
4382	-9.79	-96.83	-21.37
4387	41.98	-22.96	4.45
4390	53.83	-24.96	6.59
4392	81.48	-88.59	-0.16
4398	75.8	-81.65	-0.07
4401	49.65	-12.74	8.09
4417	41.39	-24.23	3.98
4420	60.65	-113.98	-10
4421	-2.61	-53.73	-11.39
4423	-3.23	-53.31	-11.44
4424	58.58	-84.02	-4.47
4432	-26.84	-38.58	-13.54
4434	48.84	-85.5	-6.89
4440	-2.47	-32.4	-7.1
4443	20	-40.9	-4.03
4450	34.43	-41.12	-1.03
4451	78.26	-37.71	8.99
4456	86.88	-93.04	-0.43
4457	57.79	-14.13	9.41
4473	51.99	-20.21	6.92
4477	-2.67	-53.3	-11.47
4478	-3.66	-52.93	-11.61
4484	24.06	-47.65	-4.67
4488	21.21	-38.46	-3.42
4492	60.29	-113.74	-10.72
4495	77.78	-121.38	-8.57
4496	60.91	-114.11	-10.64
4500	60.79	-113.27	-10.53
4509	27.07	-41.7	-2.91
4511	29.29	-42.76	-2.65
4516	41.37	-23.6	3.84
4523	60.77	-114.15	-10.89
4524	7.72	-15.64	-1.62
4526	60.81	-114.34	-10.93
4534	66.36	-95.07	-5.8
4539	29.3	-42.67	-2.74
4540	6.53	-12.82	-1.3
4543	1.12	-33.61	-6.78
4548	21.54	-54.81	-6.94
4549	67.38	-90.03	-4.68
4556	60.94	-48.88	2.51
4561	40.98	-25.88	3.16
4563	33.89	-19.29	3.05
4564	-22.85	-45.47	-14.34
4571	-5.65	-100.3	-22.26
4585	11.79	-17.31	-1.18
4588	21.58	-55.16	-7.13
4593	67.22	-52.36	2.97
4596	39.26	-24.82	2.94
4599	0.59	-32.98	-6.87
4606	17.75	-48.32	-6.58
4607	64.56	-43.98	4.08
4613	-35.21	-77.37	-23.86
4619	37.72	-44.2	-1.67
4623	-17.5	-61.15	-16.77
4634	-17.73	-41.95	-12.72
4636	-5	-52.59	-12.4
4650	48.59	-12.84	7.22
4654	53.3	-19.43	6.75
4655	86.33	-76.2	1.16
4661	-2.67	-19.17	-4.73
4672	30.53	-37.73	-2.02
4698	55.08	-34.62	3.56
4717	59.38	-116.02	-13.74
4719	43.35	-45.24	-1.27
4730	58.62	-115.73	-13.96
4734	22.93	-43.22	-4.99
4735	41.51	-24.16	3.02
4759	22.51	-117.79	-21.98
4763	59.74	-59.72	-1.41
4766	57.16	-55.5	-0.97
4767	24.84	-39.93	-3.97
4774	45.63	-58.56	-4.04
4777	10.68	-17.48	-1.8
4791	35.54	-41.48	-2.27
4799	-3.05	-32.33	-7.97
4801	10.38	-16.97	-1.77
4805	6.64	-12.52	-1.51
4840	39	-25.71	1.91
4851	57.6	-55.64	-1.28
4855	39.51	-22.9	2.61
4856	25.31	-40.14	-4.19
4861	53.25	-82.49	-8.42
4862	11.53	-16.74	-1.57
4863	-12.34	-89.8	-23.19
4867	37.59	-143.21	-25.57
4868	77.08	-51.48	3.46
4873	25.79	-42.79	-4.77
4876	39.33	-21.74	2.81
4877	69.08	-52.55	1.61
4881	-11.89	-88.97	-22.96
4883	39.35	-22.5	2.62
4894	-6.4	-54.67	-13.94
4896	22.81	-40.23	-4.79
4897	32.91	-34.9	-1.55
4898	58.41	-57.59	-1.75
4899	16.94	-48.48	-7.88
4909	40.31	-20.15	3.32
4911	15.74	-48.73	-8.24
4912	5.59	-54.68	-11.6
4915	51.01	-21.55	5.11
4916	16.41	-30.44	-3.83
4919	34.61	-55.9	-6.16
4920	26.06	-28.74	-1.54
4921	11.29	-16.11	-1.52
4928	66.14	-58.82	-0.66
4947	57.1	-55.47	-1.74
4948	15.86	-15.76	-0.56
4949	-18.14	-64.4	-18.69
4956	38.75	-22.19	2.44
4957	12.29	-16.22	-1.38
4964	-9.19	-94.24	-23.98
4970	26.93	-69.55	-11.01
4971	43.12	-20.88	3.58
4972	-5.16	-52.41	-13.36
4974	-20.62	-83.41	-23.72
4979	9.83	-17.59	-2.21
4980	39.13	-115.85	-19.63
4985	40.63	-22.01	2.78
4988	32.27	-21.82	1.18
4992	35.06	-67.45	-9.1
4995	31.28	-41.44	-3.69
4999	21.81	-44.74	-6.35
5001	35.36	-67.15	-9.04
5008	40.42	-22.08	2.66
5019	22.3	-43.79	-6.09
5020	65.64	-61.44	-1.83
5024	70.95	-81.66	-5.67
5027	-15.92	-63.05	-18.17
5035	39.68	-22.76	2.3
5037	38.99	-22.11	2.32
5041	40.28	-22.25	2.52
5051	-9.59	-89.27	-23.28
5055	35.22	-66.96	-9.23
5060	39.45	-22.36	2.31
5061	39.86	-22.54	2.34
5066	-6.42	-87.35	-22.25
5067	7.78	-14.82	-2.05
5070	35	-67.25	-9.37
5072	13.9	-19.21	-1.92
5079	47.19	-81.62	-10.53
5082	40.23	-22.82	2.32
5084	40.45	-23.15	2.27
5087	-24.1	-43.81	-15.26
5088	58.52	-31.72	3.66
5097	21.86	-43.6	-6.33
5098	39.57	-22.58	2.19
5099	38.36	-21.87	2.13
5112	0.89	-54.16	-12.98
5132	39.47	-21.95	2.27
5138	31.01	-21.41	0.76
5139	14.09	-16.29	-1.25
5145	22.4	-44.69	-6.59
5147	12.93	-16.54	-1.55
5149	11.63	-53.53	-10.87
5150	37.47	-26.85	0.68
5158	-14.73	-95.63	-26.23
5164	22.29	-44.22	-6.54
5174	39.14	-21.83	2.16
5181	32.55	-34.15	-2.14
5182	21.89	-43.23	-6.41
5186	12.24	-52.06	-10.44
5187	22.53	-50.53	-8.08
5189	37.59	-69.5	-9.9
5191	-6.8	-86.54	-22.58
5192	47.97	-81.63	-10.88
5194	14.91	-15.25	-0.89
5198	14.16	-19.55	-2.09
5199	84.05	-112.85	-11.67
5212	83.71	-111.32	-11.41
5214	39.35	-22.25	2.05
5215	-8.93	-53.03	-14.79
5218	12.85	-16.39	-1.58
5220	21.58	-38.17	-5.29
5221	22.67	-39.21	-5.34
5222	12.92	-16.73	-1.66
5226	87.68	-51.9	3.96
5231	22.35	-44.02	-6.61
5235	47.22	-81.8	-11.23
5242	10.11	-16.18	-2.09
5245	83.57	-111.32	-11.69
5254	-12.36	-98.28	-26.78
5255	-9.93	-59.49	-16.68
5260	40.47	-22.03	2.23
5261	44.25	-47.78	-3.49
5262	41.64	-137.38	-26.25
5264	12.58	-16.42	-1.69
5268	39.03	-21.53	2.06
5269	16.76	-88.96	-18.98
5270	72.14	-78.74	-5.91
5271	41.53	-44.8	-3.28
5273	14.42	-19.98	-2.25
5278	-9.62	-56.4	-15.9
5283	25.95	-44.53	-6.2
5284	39.15	-23.22	1.63
5287	-9.48	-55.52	-15.67
5289	22.78	-44.57	-6.81
5290	40.44	-22.6	2.02
5291	22.69	-41.51	-6.09
5294	57.05	-55.28	-3.01
5299	40.1	-21.5	2.22
5305	22.95	-44.65	-6.85
5306	22.38	-43.73	-6.74
5307	22.37	-43.67	-6.71
5311	22.47	-43.55	-6.68
5313	22.97	-44.61	-6.85
5321	26.83	-27.28	-1.79
5323	22.66	-43.98	-6.79
5324	22.65	-43.96	-6.79
5326	22.83	-44.1	-6.8
5327	56.91	-13.01	7.45
5328	34.85	-42.13	-4.04
5329	6.99	-15.2	-2.51
5331	36.13	-130.94	-26.21
5341	5.8	-13.91	-2.42
5344	39.95	-21.39	2.1
5352	-13.39	-86.36	-24.42
5360	40.39	-21.64	2.09
5375	0.81	-13.04	-3.17
5377	22.87	-48.59	-8.1
5378	11.42	-54.35	-11.73
5382	16.18	-16.06	-1.06
5389	20.57	-46.71	-8.07
5396	-7.48	-54.08	-15.22
5399	40.21	-41.63	-3.14
5401	39.66	-21.84	1.81
5402	20.79	-61.8	-11.94
5404	-6.94	-55.28	-15.46
5406	86.21	-106.89	-11.37
5411	41.62	-44.84	-3.74
5422	6.31	-50.25	-11.73
5423	58.37	-69.07	-6.92
5424	22.6	-43.58	-6.99
5425	21.93	-43.54	-7.11
5430	22.32	-44.18	-7.23
5436	22.73	-43.49	-7.02
5437	55.98	-125.11	-21.91
5439	57.94	-129.31	-22.64
5440	32.21	-19.43	0.96
5446	54.48	-123.52	-21.81
5447	6.42	-50.02	-11.74
5450	44.07	-21.23	2.68
5455	22.49	-44.42	-7.35
5457	61.04	-15.83	7.2
5466	27.69	-128.93	-28.43
5468	-6.28	-51.26	-14.48
5473	52.44	-31.03	1.62
5474	22.95	-43.2	-7
5479	13.15	-16.37	-1.85
5481	22.56	-43.44	-7.17
5498	21.64	-43.96	-7.53
5515	11.68	-119.53	-29.31
5518	20.99	-11.33	0.86
5527	40.15	-44.51	-4.39
5534	22.7	-44.57	-7.61
5539	23.18	-43.88	-7.35
5540	23.11	-43.07	-7.16
5544	-6.26	-52.3	-14.97
5551	34.62	-31.47	-2.03
5552	55.07	-30.5	1.95
5555	34.72	-42.07	-4.82
5563	38.77	-22.83	0.99
5574	22.52	-43.07	-7.43
5577	22.61	-44.59	-7.83
5578	51.92	-30.59	1.22
5579	47.08	-14.88	4.54
5581	5.89	-14.59	-2.83
5589	23.56	-9.5	1.71
5591	21.38	-47.48	-8.87
5596	9.37	-15.22	-2.4
5597	-15.19	-60.33	-18.95
5600	27.26	-20.06	-0.48
5611	88.57	-87.82	-7.75
5613	94.87	-87.22	-6.49
5617	2.15	-54.89	-14.44
5619	1.48	-13.16	-3.29
5623	76.05	-63.21	-3.49
5626	29.09	-129.54	-29.93
5631	-12.91	-30.49	-10.59
5635	5.12	-53.15	-13.52
5636	28.31	-46.33	-7.53
5643	17.79	-17.52	-1.59
5645	28.37	-30.96	-3.36
5656	56.56	-71.02	-9.33
5663	5.73	-14.03	-2.82
5668	93.3	-55.81	1.28
5673	28.17	-30.53	-3.37
5676	40.06	-21.09	1.31
5677	-13.04	-56.93	-17.96
5688	23.24	-43.63	-7.9
5690	-14.49	-59.12	-18.84
5702	40.24	-22.29	0.94
5709	-17.27	-74.45	-23.65
5716	67	-77	-9.6
5729	21.65	-147.35	-37.17
5733	14.63	-48.32	-10.87
5739	-4.83	-48.34	-14.31
5746	37.78	-19.38	1.22
5751	47.15	-11.54	5.04
5757	66.41	-77.9	-10.14
5760	46.72	18.27	13.29
5761	2.92	-2.75	-0.26
5764	-13.26	-10.11	-5.15
5766	5.76	-14.15	-2.96
5769	10.96	-48.62	-11.73
5770	-25.97	-56.73	-20.45
5773	21.29	-47.47	-9.62
5788	21.06	-145.56	-37.41
5792	16.34	-18.19	-2.29
5794	7.36	-11.75	-2.04
5795	61.73	-40.38	-0.71
5799	59.98	-55.17	-5.21
5807	-11.15	-82.13	-25.2
5810	17.14	-26.86	-4.66
5812	-34.46	-129.35	-42.67
5818	-4.49	2.75	0.01
5829	-3.24	-34.13	-10.29
5830	21.44	-40.2	-7.77
5838	21.1	-39.49	-7.65
5841	3.36	-52.82	-14.52
5866	11.99	-48.71	-11.95
5879	54.24	-7.5	7.08
5884	36.39	-61.83	-11.67
5896	-0.42	-1.87	-0.61
5897	5.89	-14.6	-3.23
5903	5.97	-51.61	-13.97
5916	48.74	-13.4	4.34
5927	-14.64	-65.66	-21.64
5932	17.76	-50.46	-11.78
5945	35.65	-41.64	-6.24
5952	30.99	-109.96	-27.21
5954	20.31	-24.65	-3.88
5964	-6.37	-48.86	-15.49
5971	59.65	-112.49	-23.37
5974	2.51	-2.55	-0.34
5978	30.49	-109.44	-27.34
5986	54.78	-31.71	-0.32
5999	28.28	-110.01	-28.11
6004	39.72	-107.49	-25.53
6006	62.5	-40.54	-1.77
6007	16.26	-23.18	-4.23
6013	39.64	-107.65	-25.66
6024	43.71	-96.36	-21.73
6027	31.54	-108.55	-27.42
6028	32.91	-107.7	-26.91
6029	22.18	-39.35	-8.16
6030	-27.42	-41.94	-17.12
6044	-10.68	-53.72	-17.96
6045	40.15	-22.72	-0.28
6048	5.66	-14.06	-3.31
6056	100.69	-38.3	4.86
6057	75.41	23.07	19.31
6059	41.71	-21.05	0.43
6061	23.63	-31.66	-5.74
6070	39.72	-106.85	-25.98
6071	-6.47	-82.4	-26.09
6074	88.4	-57.5	-3.08
6083	20.01	-96.59	-26.16
6093	-39.22	-25.72	-14.22
6097	-13.68	-55.4	-19.14
6105	-0.62	-53.78	-16.55
6108	16.75	-48.38	-12.13
6110	5.61	-13.85	-3.34
6120	30.2	-110.22	-28.96
6130	39.88	-108.33	-26.91
6137	40.09	-21.45	-0.16
6147	16.76	-23.82	-4.66
6156	43.26	-94.76	-22.45
6161	0.61	-54.11	-16.68
6162	0.8	-46.89	-14.42
6169	24.19	-65.11	-16.37
6172	17.08	-24.28	-4.82
6173	62.74	-18.07	4.38
6180	0.4	-51.84	-16.1
6189	46.53	-24.04	-0.12
6190	7.32	-16.35	-3.94
6193	53.42	-56.08	-9.03
6208	30.14	-39.5	-7.6
6209	77.2	-65.59	-8.32
6218	16.28	-46.15	-11.92
6228	4.81	-10.73	-2.62
6235	24.31	-31.21	-6.05
6242	-36.91	-24.34	-13.49
6246	47.06	-66.34	-13.7
6249	-21.01	-10.76	-6.7
6257	1.09	-52.89	-16.64
6263	30.47	-41.03	-8.31
6265	100.57	-80.01	-9.81
6275	17.81	-19.86	-3.57
6289	11.65	-48.69	-13.8
6292	3.19	-3.4	-0.59
6294	18.29	-16.83	-2.58
6301	8.9	-43.72	-12.69
6302	54.15	-70.12	-14.21
6309	3.55	-3.87	-0.7
6316	28.8	-42.95	-9.44
6318	3.76	-4.03	-0.73
6319	-3.2	-36.77	-12.37
6321	-15.49	-55.73	-20.39
6328	-2.98	-33.83	-11.4
6329	29.2	-43.39	-9.58
6332	32.18	-40.59	-8.22
6335	74.43	-59.53	-7.93
6338	29.66	-102.17	-28.54
6344	-15.6	-56.33	-20.69
6356	21.64	-44.67	-11.27
6358	30.23	-34.05	-6.51
6359	28.09	-41.76	-9.35
6364	14.4	-15.34	-2.83
6366	55.2	-52.75	-8.88
6368	51.38	-56.08	-10.58
6372	92.39	-47.69	-1.67
6377	64.96	-72.84	-14.12
6380	31.09	-29.27	-4.93
6387	-18.79	-90.22	-32.52
6393	49.05	-22	0.11
6415	31.69	-37.75	-7.76
6418	13.21	-110.63	-34.66
6430	-0.51	-1.93	-0.72
6434	94.63	-53.23	-3.59
6435	-13.07	-56.43	-20.69
6450	49.6	-137.11	-38.36
6454	27.11	-41.41	-9.81
6459	63.45	-40.33	-4.11
6473	43.38	-21.63	-0.85
6475	31.72	-38.46	-8.22
6485	29.67	-40.46	-9.26
6500	8.39	-12.37	-2.94
6502	41.93	-19.73	-0.52
6505	12.81	-32.68	-9.15
6511	14.59	-48.44	-14.23
6528	22.73	-16.79	-2.39
6546	32.34	-34.96	-7.19
6557	-18.6	-89.68	-33.26
6560	41.32	-20.13	-0.9
6565	25.71	-89.63	-26.87
6570	30.79	-20.13	-2.44
6573	41.62	-46.5	-9.91
6574	0.56	-0.38	-0.05
6580	31.98	-36.65	-7.96
6584	-5.84	-78.81	-27.88
6586	96.52	-68.42	-9.65
6587	10.78	-45.61	-14.12
6607	41.49	-19.42	-0.78
6617	93.79	-51.8	-4.54
6624	31.85	-36.2	-7.99
6627	32.99	-35.14	-7.51
6628	32.56	-34.37	-7.3
6636	32.7	-34.44	-7.32
6638	-19.99	-53.74	-21.47
6642	-19.95	-54.18	-21.63
6654	31.85	-37.32	-8.49
6655	4.31	-40.59	-13.53
6663	13.25	-48.91	-15.2
6664	41.67	-20.67	-1.36
6666	21.14	-42.75	-11.95
6672	93.66	-50.11	-4.37
6675	18.78	-15.66	-2.84
6678	64.62	-70.36	-15.58
6686	13.19	-45.89	-14.22
6687	32.25	-34.35	-7.52
6690	19.82	-15.81	-2.77
6691	40.56	-19.72	-1.24
6699	-0.89	0.49	0.05
6703	3.21	-10.77	-3.33
6711	40.43	-19.37	-1.18
6716	20.87	-16.43	-2.87
6720	15.31	-108.12	-35.91
6722	5.33	-86.91	-29.87
6724	1.48	-37.47	-12.99
6728	33.38	-32.02	-6.68
6735	19.49	-44.2	-12.89
6736	19.68	-44.54	-12.99
6741	23.85	-42.12	-11.58
6750	20.41	-15.62	-2.7
6756	26.8	-17.81	-2.6
6758	41.87	-19.65	-1.17
6759	27.17	-17.77	-2.53
6760	94.34	-49.52	-4.5
6778	7.49	-10.2	-2.59
6779	0.91	-44.51	-15.68
6780	41.73	-20.29	-1.47
6782	41.55	-19.37	-1.17
6793	18.44	-14.78	-2.73
6796	92.94	-49.53	-4.88
6798	15.66	-47.53	-14.77
6799	39.67	-19.34	-1.45
6802	92.55	-50.35	-5.26
6803	92.76	-49.39	-4.92
6807	43.23	-20.21	-1.29
6809	-6.04	-51.23	-19.09
6814	35.97	-32.35	-6.62
6817	32.32	-34.35	-7.86
6826	5.27	-14.01	-4.29
6827	19.98	-21.75	-5.05
6830	0.57	2.04	0.81
6837	20.9	-41.28	-11.93
6848	22.2	-17.4	-3.22
6849	221.86	-118.1	-12.24
6850	92.48	-48.98	-5.01
6851	41.93	-20.77	-1.75
6856	94.11	-50.14	-5.23
6863	29.83	-33.16	-7.93
6864	7.22	-16.33	-4.89
6865	41.42	-19.49	-1.39
6872	72.56	-63.42	-13
6884	62.12	-36.6	-4.8
6887	93.83	-48.94	-4.98
6888	85.24	-143.95	-40.42
6889	34.19	-30.79	-6.49
6893	31.8	-29.75	-6.45
6898	5.55	-11.95	-3.56
6900	32.13	-134.41	-44.22
6901	8.18	-82.86	-28.82
6903	41.83	-20.01	-1.61
6904	-1.36	-36.07	-13.21
6905	31.29	-38.62	-9.73
6912	15.12	-86.05	-29.09
6921	55.79	-18.95	0.61
6940	35.62	-32.76	-7.15
6945	41.93	-19.63	-1.56
6946	-10.19	-89.3	-33.84
6953	41.85	-19.57	-1.56
6957	42.16	-19.68	-1.56
6962	41.88	-19.56	-1.58
6966	20.7	-40.59	-12.07
6982	31.5	-33.96	-8.26
6983	3.78	-12.67	-4.13
6988	42.79	-19.4	-1.46
6996	74.16	-57.1	-11.18
7004	68.51	-57.91	-12.27
7006	40.98	-18.45	-1.39
7013	30.45	-37.95	-9.99
7022	52.92	-53.13	-12.73
7023	63.19	-37.63	-5.62
7029	42.11	-19.43	-1.69
7030	41.1	-18.77	-1.58
7031	42.45	-19.4	-1.63
7039	21.76	-38.02	-11.24
7042	33.43	-33.38	-8.02
7055	41.89	-19.98	-1.98
7059	34.22	-30.7	-6.96
7066	43.32	-19.71	-1.72
7069	-19.1	-50.1	-21.09
7072	29.47	-40.72	-11.33
7073	48.21	-43.84	-10.11
7078	26.14	-107.58	-36.67
7082	34.78	-32.48	-7.62
7087	31.91	-44.06	-12.34
7088	32.35	-30	-7.02
7092	-26.01	-49.45	-21.79
7096	28.72	-38.8	-10.78
7097	49.46	-19.86	-1.06
7098	35.34	-29.01	-6.3
7104	34.23	-30.62	-7.04
7111	41.33	-18.54	-1.64
7116	39.77	-65.16	-19.28
7123	43.69	-19.59	-1.75
7124	42.11	-18.54	-1.55
7125	41.87	-20.01	-2.14
7135	28.97	-40.02	-11.31
7138	45.13	-10.31	1.88
7139	41.54	-19.96	-2.19
7140	40.39	-18.62	-1.84
7145	40.75	-19.43	-2.11
7150	35.58	-41.77	-11.16
7159	41.82	-19.23	-1.92
7180	38.01	-30.49	-6.69
7182	16.39	-45.58	-15.09
7197	59.28	-15.79	1.53
7221	57.53	-52.33	-12.61
7222	40.75	-21.31	-2.95
7229	80.36	-72.81	-17.55
7235	30.21	-39.63	-11.26
7243	26.31	-37.19	-10.84
7244	1.89	-14.81	-5.39
7246	49.71	-52.29	-13.64
7247	27.13	4.81	5.22
7252	29.2	-39.83	-11.5
7254	40.4	-17.62	-1.65
7259	21.36	-43.33	-13.81
7262	4.82	-12.17	-4.03
7263	42.47	-18.71	-1.82
7281	81.1	-73.19	-17.88
7282	38.94	-19.49	-2.59
7285	37.47	-43.37	-11.89
7287	41.02	-19.36	-2.29
7292	30.68	-30.3	-7.76
7298	-13.52	-49.85	-20.72
7299	65.43	-111	-34.33
7300	42.73	-19.07	-1.99
7304	44.25	-24.4	-3.85
7306	19.26	-35.14	-11.06
7316	38.33	-20.08	-2.94
7324	4.9	-14.34	-4.89
7328	31.09	-53.24	-16.59
7333	38.11	-20.13	-3.02
7341	52.76	-52.85	-13.79
7354	25.43	-36.23	-10.81
7366	17.61	-45.28	-15.29
7377	55.68	-51.72	-13.15
7384	32.79	-44.24	-13.08
7385	19.29	-41.17	-13.54
7387	41.75	-19.37	-2.39
7393	-3.2	-50.38	-19.87
7396	42.54	-18.53	-1.99
7397	42.56	-19.38	-2.32
7399	4.59	-1.36	0.03
7402	-15.31	-99.37	-40.36
7405	41.93	-18.61	-2.12
7406	25.07	-35.59	-10.75
7407	-9.57	-89.15	-35.71
7411	24.83	-36.59	-11.18
7420	31.43	-48.63	-15.07
7424	-43.72	-122.38	-52.8
7427	-8.92	-48.6	-19.95
7441	36.82	-28.49	-6.68
7442	24.88	-36.56	-11.15
7445	38.35	-26.53	-5.73
7452	-2.52	-26.89	-10.79
7465	33.7	-55.23	-17.53
7472	30.77	4.34	5.4
7478	29.74	-40.32	-12.23
7485	16.57	-39.67	-13.54
7488	42.06	-18.8	-2.34
7504	41.52	-19.05	-2.54
7506	38.7	-26.7	-5.88
7519	90.23	-80.02	-20.77
7521	29.27	-20.88	-4.74
7525	16.43	-14.09	-3.6
7533	29.72	-30.18	-8.39
7536	29.83	-30.22	-8.4
7537	36.06	-20.32	-3.77
7540	41.72	-26.72	-5.63
7544	4.53	-9.74	-3.31
7545	43.1	-23.2	-4.1
7547	18.66	-43.87	-15.14
7552	-24.41	-45.98	-21.05
7562	38.49	-27.51	-6.38
7564	42.02	-18.79	-2.52
7568	16.68	-46.45	-16.45
7574	39.32	-66.25	-21.68
7578	-9.72	-93.77	-38.36
7584	41.23	-22.72	-4.23
7587	35.45	-28.05	-7.04
7594	37.94	-26.93	-6.3
7596	34.06	-32.24	-8.88
7602	35.3	-28.11	-7.09
7603	38.29	-27.07	-6.33
7604	67.05	-62.2	-17.01
7613	21.69	-17.16	-4.33
7636	3.58	-39.23	-15.28
7637	67.45	-60.15	-16.27
7645	-1.83	-48.69	-19.7
7646	35.93	-14.89	-1.83
7649	27.29	-33.43	-10.26
7650	42.7	-17.94	-2.28
7653	37.89	-27.83	-6.81
7657	41.88	-22.62	-4.28
7663	16.34	-13.62	-3.6
7667	30.83	-17.64	-3.56
7670	-3.54	-42.34	-17.42
7671	-0.54	0.33	0.07
7675	58.74	-102.74	-34.63
7683	42.34	-27.9	-6.43
7712	59.16	-103.45	-35.15
7714	14.72	-39.4	-14.27
7727	-29.79	-49.68	-23.48
7741	27.4	-45.57	-15.43
7742	1.06	-44.14	-17.8